{
  "advancedEditorSelectedIdentifier" : "ProjectBrowser",
  "openSceneRelativePaths" : [
    "Immersive.usda",
    "selection.usda"
  ],
  "recentIdentifiers" : {
    "83642A7B-F836-4E26-8545-8762CA4BD929" : [

    ],
    "AF09ED6F-1707-48FD-8720-65B998362C09" : [

    ]
  },
  "sceneCameraHistory" : {
    "7B83E58E-E97C-4B2B-8C91-E92ECD9A5C55" : [
      {
        "date" : 732633402.480906,
        "title" : "Untitled",
        "transform" : [
          0.8181416,
          -4.042267e-09,
          0.57501686,
          0,
          0.57466656,
          0.034899577,
          -0.81764317,
          0,
          -0.020067846,
          0.99939084,
          0.028552808,
          0,
          0.2591456,
          0.7830996,
          0.022131488,
          1
        ]
      },
      {
        "date" : 732633389.129614,
        "title" : "Untitled",
        "transform" : [
          0.54058427,
          4.3785846e-09,
          0.8412899,
          0,
          0.70664793,
          0.54265183,
          -0.45406792,
          0,
          -0.4565275,
          0.8399577,
          0.29334906,
          0,
          -0.073056266,
          0.77738726,
          0.3126967,
          1
        ]
      },
      {
        "date" : 732633379.034198,
        "title" : "Untitled",
        "transform" : [
          1,
          0,
          -0,
          0,
          -0,
          0.8675431,
          -0.49736196,
          0,
          0,
          0.49736196,
          0.8675431,
          0,
          0.20410283,
          0.42174312,
          0.72656155,
          1
        ]
      }
    ],
    "83642A7B-F836-4E26-8545-8762CA4BD929" : [
      {
        "date" : 732444154.529832,
        "title" : "Untitled",
        "transform" : [
          -0.5987625,
          2.3745926e-08,
          -0.8009266,
          0,
          -0.714869,
          0.4509436,
          0.53442687,
          0,
          0.36117262,
          0.8925524,
          -0.27000827,
          0,
          1.0326302,
          2.211984,
          -1.1027102,
          1
        ]
      },
      {
        "date" : 732443898.825782,
        "title" : "Untitled",
        "transform" : [
          -0.68027514,
          -9.944193e-09,
          -0.73295695,
          0,
          -0.17107469,
          0.9723801,
          0.15877847,
          0,
          0.7127126,
          0.2334034,
          -0.661486,
          0,
          1.7707758,
          0.31415263,
          -2.0013711,
          1
        ]
      },
      {
        "date" : 732443758.94562,
        "title" : "Untitled",
        "transform" : [
          -0.97595704,
          -1.2788703e-09,
          -0.21796322,
          0,
          -0.105469465,
          0.87513095,
          0.47225213,
          0,
          0.19074622,
          0.48388624,
          -0.85409015,
          0,
          0.30351096,
          1.0041375,
          -2.4806354,
          1
        ]
      },
      {
        "date" : 732443719.750769,
        "title" : "Untitled",
        "transform" : [
          -0.99760205,
          -3.3217304e-09,
          -0.06920934,
          0,
          -0.03204791,
          0.88632894,
          0.46194592,
          0,
          0.061342172,
          0.46305627,
          -0.88420355,
          0,
          -0.1223418,
          0.48201537,
          -1.5431553,
          1
        ]
      },
      {
        "date" : 732443710.259739,
        "title" : "Untitled",
        "transform" : [
          -0.92921275,
          -9.141772e-09,
          -0.36954492,
          0,
          -0.23152392,
          0.779413,
          0.58216166,
          0,
          0.28802803,
          0.62651056,
          -0.72424054,
          0,
          0.30770305,
          0.7704184,
          -1.3929857,
          1
        ]
      },
      {
        "date" : 732443694.711216,
        "title" : "Untitled",
        "transform" : [
          -0.60985696,
          -1.5915536e-10,
          -0.79251146,
          0,
          -0.5307742,
          0.74259865,
          0.40844357,
          0,
          0.5885179,
          0.66973674,
          -0.45287898,
          0,
          0.7245436,
          0.654536,
          -0.7801522,
          1
        ]
      },
      {
        "date" : 732443673.759861,
        "title" : "Untitled",
        "transform" : [
          0.72738403,
          -2.6223979e-09,
          0.68623054,
          0,
          0.36475042,
          0.84704113,
          -0.38662452,
          0,
          -0.5812655,
          0.5315273,
          0.6161243,
          0,
          -0.64243543,
          0.6129074,
          0.8863732,
          1
        ]
      },
      {
        "date" : 732443668.501696,
        "title" : "Untitled",
        "transform" : [
          0.72738403,
          -2.6223979e-09,
          0.68623054,
          0,
          0.36475042,
          0.84704113,
          -0.38662452,
          0,
          -0.5812655,
          0.5315273,
          0.6161243,
          0,
          -0.6338863,
          0.7658527,
          0.76249343,
          1
        ]
      },
      {
        "date" : 732443643.732158,
        "title" : "Untitled",
        "transform" : [
          0.72738403,
          -2.6223979e-09,
          0.68623054,
          0,
          0.36475042,
          0.84704113,
          -0.38662452,
          0,
          -0.5812655,
          0.5315273,
          0.6161243,
          0,
          -1.0238917,
          1.028189,
          1.8576183,
          1
        ]
      },
      {
        "date" : 732443620.606073,
        "title" : "Untitled",
        "transform" : [
          0.9685762,
          2.235966e-09,
          -0.24871685,
          0,
          -0.055584848,
          0.974707,
          -0.2164639,
          0,
          0.24242614,
          0.22348653,
          0.94407797,
          0,
          1.0798393,
          0.2957682,
          2.074305,
          1
        ]
      }
    ],
    "AF09ED6F-1707-48FD-8720-65B998362C09" : [
      {
        "date" : 732638994.753016,
        "title" : "Untitled",
        "transform" : [
          -0.6490407,
          8.37087e-09,
          -0.76075375,
          0,
          -0.27754578,
          0.93107414,
          0.23678946,
          0,
          0.70831805,
          0.36482996,
          -0.604305,
          0,
          0.22157118,
          0.18835977,
          -0.30818528,
          1
        ]
      },
      {
        "date" : 732635636.553183,
        "title" : "Untitled",
        "transform" : [
          -0.9607474,
          7.0728863e-09,
          0.27742463,
          0,
          0.20270644,
          0.68272823,
          0.7019915,
          0,
          -0.18940562,
          0.7306724,
          -0.6559293,
          0,
          -0.10965398,
          0.33564624,
          -0.22240745,
          1
        ]
      },
      {
        "date" : 732635608.267962,
        "title" : "Untitled",
        "transform" : [
          0.9993921,
          6.8402684e-09,
          -0.034862928,
          0,
          -0.024467317,
          0.7123591,
          -0.7013885,
          0,
          0.024834942,
          0.7018152,
          0.711926,
          0,
          0.1073852,
          0.31381226,
          0.26547015,
          1
        ]
      },
      {
        "date" : 732635375.817372,
        "title" : "Untitled",
        "transform" : [
          0.9993921,
          6.8402684e-09,
          -0.034862928,
          0,
          -0.024467317,
          0.7123591,
          -0.7013885,
          0,
          0.024834942,
          0.7018152,
          0.711926,
          0,
          0.088792,
          0.261393,
          0.31779352,
          1
        ]
      },
      {
        "date" : 732633360.898181,
        "title" : "Untitled",
        "transform" : [
          -0.9900551,
          7.895534e-10,
          -0.14068028,
          0,
          -0.1403949,
          0.0636665,
          0.98804647,
          0,
          0.0089566335,
          0.9979712,
          -0.06303325,
          0,
          -0.08374844,
          0.7141615,
          -0.1875201,
          1
        ]
      },
      {
        "date" : 732633342.676236,
        "title" : "Untitled",
        "transform" : [
          -0.87843806,
          -5.3910365e-09,
          -0.4778562,
          0,
          -0.28765792,
          0.79851437,
          0.52879846,
          0,
          0.38157505,
          0.60197586,
          -0.70144534,
          0,
          0.24833164,
          0.5632469,
          -0.9097586,
          1
        ]
      },
      {
        "date" : 732633212.465258,
        "title" : "Untitled",
        "transform" : [
          -0.9619338,
          -8.281297e-09,
          0.2732824,
          0,
          0.12835078,
          0.88284546,
          0.4517853,
          0,
          -0.24126613,
          0.46966356,
          -0.84923893,
          0,
          -0.32081804,
          0.35866898,
          -0.81276625,
          1
        ]
      },
      {
        "date" : 732633191.865608,
        "title" : "Untitled",
        "transform" : [
          -0.9619338,
          -8.281297e-09,
          0.2732824,
          0,
          0.12835078,
          0.88284546,
          0.4517853,
          0,
          -0.24126613,
          0.46966356,
          -0.84923893,
          0,
          -0.1479501,
          0.15920722,
          -0.48249733,
          1
        ]
      },
      {
        "date" : 732633186.358982,
        "title" : "Untitled",
        "transform" : [
          -0.9619338,
          -8.281297e-09,
          0.2732824,
          0,
          0.12835078,
          0.88284546,
          0.4517853,
          0,
          -0.24126613,
          0.46966356,
          -0.84923893,
          0,
          0.3155652,
          0.03227532,
          -0.21369165,
          1
        ]
      },
      {
        "date" : 732633164.681188,
        "title" : "Untitled",
        "transform" : [
          -0.96193385,
          3.485301e-09,
          0.27328238,
          0,
          0.12835091,
          0.88284546,
          0.4517852,
          0,
          -0.24126576,
          0.46966365,
          -0.849239,
          0,
          -0.05259317,
          0.55937,
          -0.93295634,
          1
        ]
      }
    ],
    "BEE8B727-A974-4616-B641-9182C53870E8" : [
      {
        "date" : 732640264.783279,
        "title" : "Untitled",
        "transform" : [
          0.4003366,
          -1.0696864e-08,
          -0.9163682,
          0,
          -0.46571562,
          0.8612279,
          -0.20345865,
          0,
          0.78920174,
          0.50821894,
          0.34478104,
          0,
          0.48186445,
          0.2643409,
          0.22074667,
          1
        ]
      },
      {
        "date" : 732639617.116471,
        "title" : "Untitled",
        "transform" : [
          0.97234404,
          -6.386391e-09,
          -0.2335531,
          0,
          -0.12990053,
          0.83105326,
          -0.54081076,
          0,
          0.19409515,
          0.5561928,
          0.8080697,
          0,
          0.061737746,
          0.31625724,
          0.27840638,
          1
        ]
      },
      {
        "date" : 732639594.93341,
        "title" : "Untitled",
        "transform" : [
          0.9896888,
          -6.2145507e-09,
          -0.14323401,
          0,
          -0.087099746,
          0.7938649,
          -0.6018239,
          0,
          0.1137085,
          0.6080941,
          0.7856793,
          0,
          0.032309733,
          0.3359414,
          0.27543208,
          1
        ]
      },
      {
        "date" : 732639581.566884,
        "title" : "Untitled",
        "transform" : [
          0.86504024,
          -1.5663599e-09,
          0.5017024,
          0,
          0.25643966,
          0.8594982,
          -0.44215575,
          0,
          -0.43121234,
          0.51113886,
          0.74350053,
          0,
          -0.11511552,
          0.31557703,
          0.2870425,
          1
        ]
      },
      {
        "date" : 732639569.751307,
        "title" : "Untitled",
        "transform" : [
          0.86504024,
          -1.5663599e-09,
          0.5017024,
          0,
          0.25643966,
          0.8594982,
          -0.44215575,
          0,
          -0.43121234,
          0.51113886,
          0.74350053,
          0,
          -0.05458809,
          0.32587153,
          0.31506976,
          1
        ]
      },
      {
        "date" : 732639566.634693,
        "title" : "Untitled",
        "transform" : [
          0.86504024,
          -1.5663599e-09,
          0.5017024,
          0,
          0.25643966,
          0.8594982,
          -0.44215575,
          0,
          -0.43121234,
          0.51113886,
          0.74350053,
          0,
          -0.05458809,
          0.32587153,
          0.31506976,
          1
        ]
      },
      {
        "date" : 732639563.717219,
        "title" : "Untitled",
        "transform" : [
          0.72393,
          -1.3294927e-09,
          0.6898734,
          0,
          0.38471028,
          0.83007395,
          -0.40370202,
          0,
          -0.5726459,
          0.5576533,
          0.6009154,
          0,
          -0.11398703,
          0.34188005,
          0.28029636,
          1
        ]
      },
      {
        "date" : 732639557.016668,
        "title" : "Untitled",
        "transform" : [
          0.99519646,
          -1.2566623e-09,
          0.09789752,
          0,
          0.054672312,
          0.8295283,
          -0.5557822,
          0,
          -0.08120876,
          0.55846477,
          0.8255437,
          0,
          0.06686753,
          0.34109813,
          0.28986728,
          1
        ]
      },
      {
        "date" : 732639533.316901,
        "title" : "Untitled",
        "transform" : [
          0.9843199,
          -4.7414056e-10,
          -0.1763918,
          0,
          -0.07897541,
          0.8941702,
          -0.44070682,
          0,
          0.1577243,
          0.44772714,
          0.88014966,
          0,
          0.1504553,
          0.3022184,
          0.30144563,
          1
        ]
      },
      {
        "date" : 732639528.47398,
        "title" : "Untitled",
        "transform" : [
          0.99999994,
          0,
          0,
          0,
          0,
          0.8660254,
          -0.49999994,
          0,
          0,
          0.49999994,
          0.8660254,
          0,
          0.09492362,
          0.32086855,
          0.30475414,
          1
        ]
      }
    ],
    "D3054CD4-6919-45E0-B2CF-325814EA0A84" : [
      {
        "date" : 732633413.791554,
        "title" : "Untitled",
        "transform" : [
          1,
          0,
          -0,
          0,
          -0,
          0.8675431,
          -0.49736208,
          0,
          0,
          0.49736208,
          0.8675431,
          0,
          -0.20410287,
          0.42934182,
          0.7265598,
          1
        ]
      }
    ]
  },
  "selectedSceneRelativePath" : "Immersive.usda"
}